CL	Ch num	Easy	Medium	Hard	Deadly
1	1	25	50	75	100
2	1	50	100	150	200
3	1	75	150	225	400
4	1	125	250	375	500
5	1	250	500	750	1 100
6	1	300	600	900	1 400
7	1	350	750	1 100	1 700
8	1	450	900	1 400	2 100
9	1	550	1 100	1 600	2 400
10	1	600	1 200	1 900	2 800
11	1	800	1 600	2 400	3 600
12	1	1 000	2 000	3 000	4 500
13	1	1 100	2 200	3 400	5 100
14	1	1 250	2 500	3 800	5 700
15	1	1 400	2 800	4 300	6 400
16	1	1 600	3 200	4 800	7 200
17	1	2 000	3 900	5 900	8 800
18	1	2 100	4 200	6 300	9 500
19	1	2 400	4 900	7 300	10 900
20	1	2 800	5 700	8 500	12 700

Party's Tresholds	
Easy	19 225
Medium	38 600
Hard	58 175
Deadly	87 100

Days to craft	Price ->	100	500	5 000	50 000	500 000
Renown	Crafters	Common	Uncommon	Rare	V. Rare	Legendary
0-4	N/A	N/A	N/A	N/A	N/A	N/A
5-9	1	4	20	200	2 000	20 000
10-14	2	2	10	100	1 000	10 000
15-19	5	0	4	40	400	4 000
20	10	0	2	20	200	2 000
